tree
version=v4
num_class=1
num_tree_per_iteration=1
label_index=0
max_feature_idx=32
objective=binary sigmoid:1
feature_names=raw_s1 raw_s2 raw_s3 raw_s4 raw_s5 raw_s6 raw_s7 raw_s8 avail_s1 avail_s2 avail_s3 avail_s4 avail_s5 avail_s6 avail_s7 avail_s8 interval_position_z interval_rel_gap interval_width_rel interval_below_lower f_active_signal_count f_data_quality_score f_data_freshness_days f_missing_field_count f_data_confidence_level f_firm_age_years f_s6_quarter f_s3_bom_coverage f_s7_matrix_age_years f_s2_peer_n_prev sector size_band log_production
feature_infos=[-208.60777113911226:1] [-100.24405333971055:1] [-1.0260069143966963:0.62800434300908492] [-18.195565291938621:1.214954902093536] [-174.21415603222258:13.130288369385079] [-2.1314628631121586:1] [0.00050778214690254961:2] [-1.07584610203738:0.58862491509519155] [0:1] none none [0:1] [0:1] [0:1] none [0:1] [-5.568683564646622:5.8804354402321586] [-39.874239411428682:1] [0.29914621251336526:37.785602439860604] [0:1] [3:8] [0.1346:1] [5:399] [0:4] -1:1:2:0 [0:40] [1:4] [0.0068999999999999999:1] [-2:6] [2:61] -1:2:7:6:5:4:0:3:1 -1:1:2:3:0 [7.145401161296455:14.564719245148021]
tree_sizes=960 1009 1000 1023 1022 1003 965 1008 997 997 1004 993 984 977 1006 1018 1000 1000 999 989 998 999 1001 1001 1003 1002 995 1004 966 1002 1004 992 1004 992 983 1003 999 1027 1001 999 980 1018 992 974 998 1002 1004 995 987 1011 968 1000 998 994 992 996 1016 1024 1000 1010 1016 994 1027 977

Tree=0
num_leaves=8
num_cat=0
split_feature=2 2 1 5 2 2 7
split_gain=178.342 7.20946 3.80029 3.02012 3.85006 2.05392 1.85749
threshold=0.20933129878517096 0.17262979966188222 -10.577012419508245 -0.30991265230219295 -0.052966528516034554 0.26392974877385356 0.10883183659255806
decision_type=8 10 8 8 10 8 10
left_child=1 2 -1 4 -4 -2 -5
right_child=5 -3 3 6 -6 -7 -8
leaf_value=-2.5932058112171532 -2.5762264824702874 -2.5895203185683551 -2.6077881015115518 -2.6149444440362024 -2.5881460603385129 -2.5199014128900226 -2.5969520885477104
leaf_weight=5.4203115999698639 9.6146003380417806 8.7112150713801366 13.1636138856411 122.79586874693632 7.4206646904349318 13.1636138856411 4.3878712952136985
leaf_count=84 149 135 204 1903 115 204 68
internal_value=-2.59803 -2.6101 -2.61167 -2.61261 -2.5997 -2.53162 -2.6143
internal_weight=184.678 161.9 153.188 147.768 20.5843 22.7782 127.184
internal_count=2862 2509 2374 2290 319 353 1971
is_linear=0
shrinkage=1


Tree=1
num_leaves=8
num_cat=0
split_feature=2 2 17 4 17 22 2
split_gain=177.203 12.4309 5.98249 4.22038 4.38377 2.51424 1.55833
threshold=0.20933129878517096 0.10025519697754799 0.10959723962624247 -0.050000244207981652 0.19968174303262662 243.50000000000003 -0.28366565734840871
decision_type=8 10 10 10 10 2 10
left_child=1 2 6 -3 -5 -4 -1
right_child=-2 3 5 4 -6 -7 -8
leaf_value=-0.00073293796219589004 0.065181418548795542 0.012700758212801814 -0.0093552420993412572 -0.011833461747784156 0.0088699703226087761 0.0048231111549978658 -0.021720103566515086
leaf_weight=5.4284590333700171 23.103618867695332 12.098176673054693 18.379844561219219 17.156292043626312 6.6693839728832236 11.517773292958735 86.685561291873455
leaf_count=85 342 189 289 268 104 181 1360
internal_value=-0.000470827 -0.0128446 -0.0171837 0.00199648 -0.0047939 -0.00363225 -0.0207905
internal_weight=181.039 157.935 122.012 35.9239 23.8257 29.8976 92.114
internal_count=2818 2476 1915 561 372 470 1445
is_linear=0
shrinkage=0.03


Tree=2
num_leaves=8
num_cat=0
split_feature=4 18 5 0 6 17 32
split_gain=61.5002 10.7032 7.03059 6.75607 5.94984 4.05767 2.77841
threshold=0.14668392030419972 0.86447853632967886 -0.30991265230219295 -0.053436397809689666 0.085798286060302931 0.10959723962624247 10.635461495788791
decision_type=10 8 10 10 10 10 10
left_child=2 4 3 6 -2 -4 -1
right_child=1 -3 5 -5 -6 -7 -8
leaf_value=0.0022484908423866671 0.050445994472063174 0.003641344052422208 -0.014878111646604695 0.018324415159778548 0.0023427183879627406 -0.0019205180000528199 -0.013447307515561086
leaf_weight=16.460771046578888 15.232760876417165 10.44416121393442 84.054305598139763 8.6689711883664113 4.216566637158393 35.636974833905697 9.735656872391699
leaf_count=259 226 156 1334 134 63 553 153
internal_value=-9.69937e-05 0.0342481 -0.00819067 0.002845 0.044286 -0.0114996 -0.00492733
internal_weight=184.45 29.8935 154.557 34.8654 19.4493 119.691 26.1964
internal_count=2878 445 2433 546 289 1887 412
is_linear=0
shrinkage=0.03


Tree=3
num_leaves=8
num_cat=1
split_feature=2 2 2 30 5 5 5
split_gain=139.688 10.8477 4.7385 4.49926 5.29167 4.94538 4.38752
threshold=0.20933129878517096 0.051032832670821766 -0.28366565734840871 0 -1.0000000180025095e-35 0.20093875383498563 -0.57020625154359428
decision_type=8 10 10 1 8 8 8
left_child=1 2 -1 4 -3 -6 -4
right_child=-2 3 6 -5 5 -7 -8
leaf_value=0.0036535270164205534 0.05687147886664784 0.019508050496348333 0.0026762047299174405 -0.0072075557184075887 -0.012095133095203046 0.0099112493745053196 -0.020346035857279073
leaf_weight=5.4612016826868048 24.263739787042141 9.4566849395632726 4.980700071901083 31.002629153430462 11.533135015517475 9.1520256698131579 86.253185454756021
leaf_count=86 335 149 79 488 182 142 1385
internal_value=-0.000172398 -0.0113523 -0.0172287 -0.000924169 0.0056975 -0.00178691 -0.0188236
internal_weight=182.103 157.84 96.6951 61.1445 30.1418 20.6852 91.2339
internal_count=2846 2511 1550 961 473 324 1464
cat_boundaries=0 1
cat_threshold=140
is_linear=0
shrinkage=0.03


Tree=4
num_leaves=8
num_cat=1
split_feature=4 16 30 27 1 27 16
split_gain=71.3632 16.2242 5.82273 6.90964 6.42191 5.56089 4.0263
threshold=0.14668392030419972 -0.39037986359504989 0 0.61830000000000018 0.10382377478270928 0.51285000000000014 -0.58624438198861706
decision_type=10 2 1 2 8 2 2
left_child=2 -2 3 4 -1 6 -4
right_child=1 -3 5 -5 -6 -7 -8
leaf_value=0.016189576212562305 0.0072994460658665945 0.053667357455646297 -0.021961329344725253 -0.012340039637769336 -0.0051077045172528996 -0.0030426973816337489 -0.00077310318002285516
leaf_weight=22.438560515642166 14.783603366464378 15.71713777258992 42.281297411769629 14.817621383816002 15.348471153527496 43.593955479562283 12.112946938723324
leaf_count=356 219 217 680 237 242 698 188
internal_value=0.00110699 0.0377692 -0.00775456 0.000877562 0.00783039 -0.0112665 -0.0181875
internal_weight=181.094 30.5007 150.593 52.6047 37.787 97.9882 54.3942
internal_count=2837 436 2401 835 598 1566 868
cat_boundaries=0 1
cat_threshold=168
is_linear=0
shrinkage=0.03


Tree=5
num_leaves=8
num_cat=0
split_feature=2 2 18 5 2 17 17
split_gain=133.654 14.0196 6.75156 4.86359 5.53728 2.3755 2.72975
threshold=0.26392974877385356 0.17262979966188222 0.92300842575591491 -0.30991265230219295 -0.085325144930928451 0.10959723962624247 0.14086949904440868
decision_type=8 10 10 8 10 10 10
left_child=1 3 -3 4 -1 -5 -7
right_child=-2 2 -4 5 -6 6 -8
leaf_value=-0.010473146060159425 0.066171864101516931 0.020139629376641911 -0.008609984177038843 -0.017231495445456393 0.012522134950627147 0.005783784931580562 -0.0093945699088168466
leaf_weight=11.476743735373022 16.315014980733395 13.755361322313549 4.7788412608206263 84.984021745622158 10.173665616661308 7.081868950277566 32.897327840328217
leaf_count=184 206 196 69 1396 161 113 518
internal_value=0.000245131 -0.0089376 0.0118006 -0.0121312 0.00028972 -0.0142839 -0.00587718
internal_weight=181.463 165.148 18.5342 146.614 21.6504 124.963 39.9792
internal_count=2843 2637 265 2372 345 2027 631
is_linear=0
shrinkage=0.03


Tree=6
num_leaves=8
num_cat=0
split_feature=2 2 5 2 1 16 1
split_gain=141.337 6.87616 6.54249 4.52502 3.63369 3.53453 3.01312
threshold=0.17262979966188222 0.24048475746439688 -0.30991265230219295 0.051032832670821766 0.16930329773742922 -1.0877503056039111 -6.9671685148573284
decision_type=8 8 10 10 8 2 8
left_child=2 4 3 5 -2 -1 -4
right_child=1 -3 6 -5 -6 -7 -8
leaf_value=-0.0123733224196368 0.025847428876014027 0.059160246737564044 0.0018918738460011384 0.013321151297328453 0 0.0062750810664733399 -0.016638476081264314
leaf_weight=17.919584397226572 8.5421130880713445 21.398217067122459 5.2928048335015774 7.2098568342626086 8.0202788077294844 6.8893514424562481 106.65995843335986
leaf_count=290 122 261 87 112 115 110 1754
internal_value=0.00157478 0.0476797 -0.0123529 0 0.0177988 -0.00647017 -0.0155696
internal_weight=181.932 37.9606 143.972 32.0188 16.5624 24.8089 111.953
internal_count=2851 498 2353 512 237 400 1841
is_linear=0
shrinkage=0.03


Tree=7
num_leaves=8
num_cat=0
split_feature=2 2 4 16 2 28 18
split_gain=103.242 10.1083 5.06082 4.61329 3.23629 3.47793 2.80845
threshold=0.24048475746439688 0.051032832670821766 -0.0065613759531327745 -0.55654139574336081 0.11331514022884982 3.5000000000000004 0.69010890503952904
decision_type=10 8 10 2 10 2 10
left_child=1 -1 4 -4 -3 -6 -5
right_child=-2 2 3 6 5 -7 -8
leaf_value=-0.015327644267260274 0.05321318707666655 -0.0014705357671746858 -0.013660947382969768 0.011884412177960839 0.023316365816831733 -0.00090644810916409174 -0.005649664526781826
leaf_weight=94.344046778976917 19.555455341935158 12.599903486669065 22.91699443012476 9.0383594110608119 7.7068507745861989 5.4954010248184204 7.8570118248462668
leaf_count=1578 227 202 366 135 118 85 116
internal_value=-0.000549985 -0.00943354 -1.01942e-05 -0.0064722 0.00868882 0.0159886 0.00393262
internal_weight=179.514 159.959 65.6145 39.8124 25.8022 13.2023 16.8954
internal_count=2827 2600 1022 617 405 203 251
is_linear=0
shrinkage=0.03


Tree=8
num_leaves=8
num_cat=0
split_feature=2 2 16 0 4 4 29
split_gain=108.588 6.19555 4.30511 8.95511 4.14559 3.7438 3.56863
threshold=0.20933129878517096 0.10025519697754799 -0.39037986359504989 -0.061576090697828649 0.14668392030419972 -0.34545437731407996 41.000000000000007
decision_type=8 10 2 8 10 8 2
left_child=1 4 3 -3 5 -1 -2
right_child=6 2 -4 -5 -6 -7 -8
leaf_value=0.001985382355148585 0.052974866227023257 0.013932346062652897 0.01360979756074147 -0.014549652394061894 0.0042023623959559228 -0.015466699565803314 0.0074212099683761022
leaf_weight=8.7846764698624593 23.114579707384113 7.6678799167275429 9.0541860312223417 19.376977402716879 7.7352330684661856 98.997644200921059 5.5513174533843985
leaf_count=146 270 122 135 309 123 1677 64
internal_value=0.00154276 -0.00913678 0.00118072 -0.00470926 -0.0123501 -0.0138758 0.0481062
internal_weight=180.282 151.617 36.099 27.0449 115.518 107.782 28.6659
internal_count=2846 2512 566 431 1946 1823 334
is_linear=0
shrinkage=0.03


Tree=9
num_leaves=8
num_cat=0
split_feature=2 2 17 16 4 4 6
split_gain=117.717 6.26553 6.80261 7.18554 3.93527 3.77279 2.82504
threshold=0.20933129878517096 0.10025519697754799 -0.13418255515090546 -0.39037986359504989 -0.34545437731407996 0.14668392030419972 0.091850884408647304
decision_type=8 10 10 2 8 10 10
left_child=1 4 -3 -4 -1 -6 -2
right_child=6 2 3 -5 5 -7 -8
leaf_value=0.0025250469307613967 0.052268597367725912 0.018550860128197087 -0.014512063034236716 0.010215616875868475 -0.016838726645497251 0.0015377914699307952 0.0084379932708517763
leaf_weight=8.520332742482422 25.073231197893623 5.6441757678985587 21.062020275741816 8.9992048144340533 97.00372676178813 8.0862880870699865 5.9380385279655448
leaf_count=141 280 88 341 133 1665 128 68
internal_value=0.00103353 -0.010499 0.00011483 -0.00612415 -0.0137462 -0.0152833 0.0477119
internal_weight=180.327 149.316 35.7054 30.0612 113.61 105.09 31.0113
internal_count=2844 2496 562 474 1934 1793 348
is_linear=0
shrinkage=0.03


Tree=10
num_leaves=8
num_cat=0
split_feature=2 2 2 4 4 16 27
split_gain=113.418 7.42982 6.96451 5.26146 4.39152 4.66806 4.23229
threshold=0.20933129878517096 0.26392974877385356 0.051032832670821766 -0.34545437731407996 -0.050000244207981652 -0.39037986359504989 0.76330000000000009
decision_type=8 8 10 8 8 2 2
left_child=2 -2 3 -1 -4 -6 -5
right_child=1 -3 4 6 5 -7 -8
leaf_value=0.0034514090680725341 0.011921841456705103 0.056557657432528163 0.012374340532072824 -0.019785396408924266 -0.010589301419311239 0.0067378803965540378 0.0003018598483771607
leaf_weight=8.0900111459195596 10.883105114102362 19.746431380510334 7.5483434684574604 73.421080097556114 36.73403561860323 12.830188572406767 8.7576340809464437
leaf_count=134 130 202 122 1282 606 194 152
internal_value=0.000796123 0.0468397 -0.0105953 -0.0154714 -0.00170398 -0.00553036 -0.0176415
internal_weight=178.011 30.6295 147.381 90.2687 57.1126 49.5642 82.1787
internal_count=2822 332 2490 1568 922 800 1434
is_linear=0
shrinkage=0.03


Tree=11
num_leaves=8
num_cat=0
split_feature=2 2 29 5 16 17 16
split_gain=93.1285 7.87064 6.63403 6.02483 4.22534 3.73452 3.31434
threshold=0.20933129878517096 0.051032832670821766 41.000000000000007 -0.21941524106294316 -0.67621554996209821 -0.16363445921830141 -0.47717280159753578
decision_type=8 10 2 10 2 10 2
left_child=1 4 -2 -3 -1 -5 -6
right_child=2 3 -4 5 6 -7 -8
leaf_value=-0.016416171991438435 0.048115665422834894 0.015596168729187452 0.0047342389003629153 0.01095974108986488 0.011279140409216818 -0.0077883006560519512 -0.0082765405492857581
leaf_weight=73.279814232140779 26.292411021888256 9.6229771971702558 6.4534481018781653 3.8864321261644355 5.8906549960374823 42.62628049403429 9.7479499764740449
leaf_count=1297 275 150 69 64 102 695 167
internal_value=0.00225909 -0.00848517 0.0425424 0.000168868 -0.0136663 -0.00456812 0
internal_weight=177.8 145.054 32.7459 56.1357 88.9184 46.5127 15.6386
internal_count=2819 2475 344 909 1566 759 269
is_linear=0
shrinkage=0.03


Tree=12
num_leaves=8
num_cat=0
split_feature=16 1 27 27 28 7 6
split_gain=30.1682 7.78121 5.32825 8.31792 5.26657 4.69094 4.66837
threshold=-0.39037986359504989 0.90894899748892743 0.57555000000000012 0.71520000000000017 -1.0000000180025095e-35 0.19795794562890051 0.053638216502319036
decision_type=2 8 2 2 2 8 10
left_child=2 4 6 5 -2 -4 -1
right_child=1 -3 3 -5 -6 -7 -8
leaf_value=-0.00050241365632161766 0.0032859729787002184 0 -0.0050420543908013555 -0.0096036040502854633 0.035690395838867711 0.018508596895314307 -0.014066067306415332
leaf_weight=40.400035854429007 8.7929094955325144 10.292783498764036 5.3850915133953094 18.767381597310305 19.574135772883892 19.252373237162832 55.305427953600883
leaf_count=671 116 149 92 317 241 314 931
internal_value=0.00144591 0.0224718 -0.00519966 0.00291512 0.0289909 0.0129273 -0.00896554
internal_weight=177.77 38.6598 139.11 43.4048 28.367 24.6375 95.7055
internal_count=2831 506 2325 723 357 406 1602
is_linear=0
shrinkage=0.03


Tree=13
num_leaves=8
num_cat=0
split_feature=2 6 18 32 18 2 26
split_gain=78.1324 9.51837 8.17828 3.93333 2.99925 3.60448 3.69966
threshold=0.18318745029476627 0.099815222299651396 0.86447853632967886 9.4052107756448216 1.0470660301939707 0.051032832670821766 2.5000000000000004
decision_type=8 10 8 10 8 10 2
left_child=3 2 -2 4 5 6 -1
right_child=1 -3 -4 -5 -6 -7 -8
leaf_value=-0.012827706967114116 0.047994660454139589 0 0.0091991454828780385 -0.013718661249734801 -0.010981616167399353 0.013794647126655074 0.0081491189105331787
leaf_weight=9.3093697093427199 21.183007258921862 6.4562635421752921 12.666894838213919 102.19094149395823 10.584809280931948 9.6802452281117422 5.4847527518868437
leaf_count=166 224 75 139 1780 179 157 97
internal_value=9.28595e-06 0.0331375 0.0383692 -0.0109055 -0.00133187 0.0040568 -0.00426209
internal_weight=177.556 40.3062 33.8499 137.25 35.0592 24.4744 14.7941
internal_count=2817 438 363 2379 599 420 263
is_linear=0
shrinkage=0.03


Tree=14
num_leaves=8
num_cat=0
split_feature=4 6 5 16 32 0 25
split_gain=42.0961 8.38247 6.98273 5.90102 4.86222 2.75461 4.43896
threshold=0.14668392030419972 0.091850884408647304 -0.49138392644306683 -0.64854664324855105 10.52346020111665 -0.036956786480355823 9.5000000000000018
decision_type=10 10 10 2 10 8 2
left_child=2 3 4 -2 -1 -4 -7
right_child=1 -3 5 -5 -6 6 -8
leaf_value=0.014034994194807396 0.0039513681396324473 -0.0018061864093152772 -0.013632970523790696 0.038934410521128414 -0.008369282595584197 0.0069316416232083119 -0.0082205172379866461
leaf_weight=17.326067220419649 8.5380938202142733 5.7567981891334048 52.623846828937531 22.362297777086496 5.9920068718492976 17.370372124016285 47.121571276336908
leaf_count=274 120 75 933 248 101 288 773
internal_value=0.00184901 0.0273783 -0.00583024 0.0324543 0.00713161 -0.00882185 -0.00361791
internal_weight=177.091 36.6572 140.434 30.9004 23.3181 117.116 64.4919
internal_count=2812 443 2369 368 375 1994 1061
is_linear=0
shrinkage=0.03


Tree=15
num_leaves=8
num_cat=1
split_feature=4 16 22 0 18 30 25
split_gain=34.9276 14.5501 10.3261 8.44323 6.85701 4.47886 3.95495
threshold=0.18572957414461641 -0.51871970690477365 268.50000000000006 -0.045241875874685304 0.84865483533176989 0 4.5000000000000009
decision_type=10 2 2 10 10 1 2
left_child=2 -2 5 -4 -3 -1 -7
right_child=1 4 3 -5 -6 6 -8
leaf_value=0.0049190214900681649 -0.002888055489410585 0.04591761217634302 -0.0063957610043343738 0.015326858407441952 0.0023228926724306303 0.0010929926712165508 -0.015149437445497762
leaf_weight=10.125762570649385 8.3401617743074912 14.355478305369617 22.523157108575106 26.769633304327726 5.7198446281254283 12.812663614749907 76.976988755166531
leaf_count=165 121 146 396 438 61 212 1301
internal_value=0.00128014 0.0277681 -0.00482522 0.0056323 0.0382321 -0.0101585 -0.011593
internal_weight=177.624 28.4155 149.208 49.2928 20.0753 99.9154 89.7897
internal_count=2840 328 2512 834 207 1678 1513
cat_boundaries=0 1
cat_threshold=8
is_linear=0
shrinkage=0.03


Tree=16
num_leaves=8
num_cat=0
split_feature=2 5 22 2 2 17 27
split_gain=74.5838 6.29913 5.04694 4.51906 3.49035 2.53442 1.81654
threshold=0.20933129878517096 -0.30991265230219295 238.50000000000003 0.17262979966188222 0.26392974877385356 -0.30591953122274224 0.58900000000000008
decision_type=10 10 2 8 10 10 2
left_child=1 2 6 -3 -2 -4 -1
right_child=4 3 5 -5 -6 -7 -8
leaf_value=-0.0116862579428781 0.011061467781469948 -0.014411156829218733 -0.0011431086568288466 0.0031190350397456114 0.044146855789880708 0.018711427360937387 0.0033390853346718661
leaf_weight=12.694327466189867 12.510665312409399 103.42383580282331 5.6443804726004601 10.592201530933378 19.732779040932655 7.9779649190604669 4.7587385065853587
leaf_count=215 138 1847 97 144 176 132 81
internal_value=1.38841e-05 -0.00946245 0.00176932 -0.0125619 0.0364331 0.0124119 -0.00723829
internal_weight=177.335 145.091 31.0754 114.016 32.2434 13.6223 17.4531
internal_count=2830 2516 525 1991 314 229 296
is_linear=0
shrinkage=0.03


Tree=17
num_leaves=8
num_cat=0
split_feature=2 2 18 4 0 1 4
split_gain=70.0781 8.78346 6.69467 3.66262 5.38497 3.36694 3.39587
threshold=0.17262979966188222 0.26392974877385356 0.8255282788967554 -0.090536385868056221 -0.093111541399980888 -6.9671685148573284 0.21343005710966814
decision_type=8 8 10 8 10 8 10
left_child=3 2 -2 4 -1 -5 -7
right_child=1 -3 -4 5 -6 6 -8
leaf_value=-0.0085997823525911059 0.019409769266897556 0.042015082606062813 -0.0072018091340113419 0.0039608733109131071 0.011348901818829681 -0.015696420517879089 0.0029443137723303976
leaf_weight=24.233238529413939 13.882604923099281 22.823496870696545 7.5058966912329188 5.3842394985258579 11.429299063980578 84.501399088650942 5.7322587929666033
leaf_count=442 168 200 97 95 206 1509 91
internal_value=0.00113315 0.0307998 0.0101423 -0.00994535 -0.000954998 -0.0128211 -0.0142162
internal_weight=175.492 44.212 21.3885 131.28 35.6625 95.6179 90.2337
internal_count=2808 465 265 2343 648 1695 1600
is_linear=0
shrinkage=0.03


Tree=18
num_leaves=8
num_cat=1
split_feature=4 16 30 27 27 27 18
split_gain=35.8909 6.5164 4.69293 6.61139 8.05411 5.67562 3.59912
threshold=0.15888776987605077 -0.64854664324855105 0 0.65790000000000015 0.71520000000000017 0.61830000000000018 0.86447853632967886
decision_type=10 2 1 2 2 2 10
left_child=2 -2 5 -4 -5 -1 -3
right_child=1 6 3 4 -6 -7 -8
leaf_value=0.0067775086338972895 0 0.03589542676826301 -0.0142803450090975 0.022640577410112332 -0.0083144148979964229 -0.010417659020247869 0.0041314220388902279
leaf_weight=46.749092809855938 8.0220476910471898 21.348069678992037 62.844264477491379 4.6253815330564967 11.016221545636652 17.053835157305002 7.4530171267688266
leaf_count=789 115 215 1089 76 192 299 84
internal_value=0.00187444 0.0254246 -0.00514931 -0.00916138 0.00476859 0.00116206 0.0307682
internal_weight=179.112 36.8231 142.289 78.4859 15.6416 63.8029 28.8011
internal_count=2859 414 2445 1357 268 1088 299
cat_boundaries=0 1
cat_threshold=169
is_linear=0
shrinkage=0.03


Tree=19
num_leaves=8
num_cat=0
split_feature=0 27 25 27 27 32 32
split_gain=25.2299 8.35703 3.21621 2.99253 5.09304 3.20619 3.74429
threshold=0.16962795691237395 0.48235 36.500000000000007 0.54730000000000012 0.71520000000000017 10.1906799100543 12.169960721319162
decision_type=10 2 2 2 2 10 10
left_child=2 -2 3 -1 5 -5 -7
right_child=1 -3 -4 4 -6 6 -8
leaf_value=-0.011361863989307174 0.0026727818661084718 0.028097067220608729 0.0062786741999167704 0.014805952126185297 -0.011403681869245853 -0.0094702723676876235 0.010711416928814676
leaf_weight=73.246415473520756 23.987366780638695 22.856384184211493 9.2260506786406022 10.540602065622808 18.290777329355478 13.305232625454666 5.3450283445417872
leaf_count=1284 304 277 158 172 325 230 91
internal_value=0.000370094 0.0176405 -0.00640848 -0.0078245 -0.00124586 0.00579952 -0.00164434
internal_weight=176.798 46.8438 129.954 120.728 47.4816 29.1909 18.6503
internal_count=2841 581 2260 2102 818 493 321
is_linear=0
shrinkage=0.03


Tree=20
num_leaves=8
num_cat=0
split_feature=2 2 1 4 0 1 25
split_gain=65.1642 7.37824 8.17325 5.15424 3.7897 3.1707 2.35588
threshold=0.24048475746439688 0.16293400269933614 0.16930329773742922 -0.090536385868056221 -0.10683492232872115 -6.9671685148573284 1.5000000000000002
decision_type=10 8 8 8 10 8 2
left_child=1 3 -3 4 -1 -5 -7
right_child=-2 2 -4 5 -6 6 -8
leaf_value=-0.0059974987560280271 0.038579132508537013 0.019959169564420693 -0.0082018964246842185 0.0035470664180415842 0.010772938624687131 0.0018617181262769822 -0.015234359121433625
leaf_weight=23.34139521047473 27.463590055704117 11.444956656545399 10.506787192076446 5.5401670001447201 11.691578373312948 4.4496757797896853 82.071584358811378
leaf_count=433 235 148 134 98 211 81 1488
internal_value=0.00185713 -0.00643439 0.00738903 -0.00922918 0.000213004 -0.012702 -0.0141133
internal_weight=176.51 149.046 21.9517 127.094 35.033 92.0614 86.5213
internal_count=2828 2593 282 2311 644 1667 1569
is_linear=0
shrinkage=0.03


Tree=21
num_leaves=8
num_cat=0
split_feature=2 18 6 17 1 17 2
split_gain=64.2875 9.44473 8.36737 5.17867 2.47091 2.83786 2.09278
threshold=0.17262979966188222 1.0808109496470675 0.096694690662783869 -0.53170048353498878 -10.577012419508245 0.11899705854465743 0.26392974877385356
decision_type=8 8 10 8 8 10 8
left_child=3 2 6 -1 -5 -6 -2
right_child=1 -3 -4 4 5 -7 -8
leaf_value=0.0072630146824951497 0.014515146159075176 -0.0017650700778083551 0.00055261622831712499 0.0035925746655492939 -0.016114867280702907 -0.0042020128303091858 0.046892572096598598
leaf_weight=7.3232867456972599 14.824760280549528 6.5336691401898852 7.3596104755997649 3.8357795067131519 81.873725179582834 36.245755959302187 17.137669764459133
leaf_count=131 174 70 84 68 1545 618 135
internal_value=0.000150161 0.0279991 0.0327239 -0.0106747 -0.0122481 -0.0130767 0.0381627
internal_weight=175.134 45.8557 39.322 129.279 121.955 118.119 31.9624
internal_count=2825 463 393 2362 2231 2163 309
is_linear=0
shrinkage=0.03


Tree=22
num_leaves=8
num_cat=0
split_feature=2 2 3 18 4 32 2
split_gain=60.1479 9.72795 4.83702 3.73019 3.54171 3.02802 2.64896
threshold=0.20933129878517096 0.051032832670821766 -0.47053662675759106 0.84865483533176989 -0.082124389746455292 9.8448600845764549 -0.28366565734840871
decision_type=8 10 10 8 8 10 10
left_child=1 6 -3 -2 -4 -6 -1
right_child=3 2 4 -5 5 -7 -8
leaf_value=0.0018742940405356572 0.036377691868788038 0.013462261565472736 0.010839126351295508 0.0086221222025692143 0.0028189848789681045 -0.01206010271157292 -0.016533307591931796
leaf_weight=4.4394704028964034 25.120007254183292 11.118280135095118 3.9237788207828999 14.12401210516691 12.665670145303009 28.067224487662315 76.626693397760391
leaf_count=79 213 180 66 134 211 478 1468
internal_value=0.000405475 -0.00911995 0.000390442 0.0298574 -0.00413005 -0.00742247 -0.015279
internal_weight=176.085 136.841 55.775 39.244 44.6567 40.7329 81.0662
internal_count=2829 2482 935 347 755 689 1547
is_linear=0
shrinkage=0.03


Tree=23
num_leaves=8
num_cat=0
split_feature=2 2 6 2 17 6 2
split_gain=69.2195 6.46336 4.88759 4.74454 2.82954 2.67382 2.42775
threshold=0.20933129878517096 0.051032832670821766 0.1063127971192401 0.26392974877385356 -0.14873236878967475 0.083940559053202177 -0.28366565734840871
decision_type=8 10 8 10 10 8 10
left_child=1 6 3 -2 -3 -6 -1
right_child=2 4 -4 -5 5 -7 -8
leaf_value=0.0016899552184083573 0.0093742396737914284 0.0102392169374342 0.0031154483311617905 0.04471248557365607 0.00072885871805424246 -0.012524491724706859 -0.014814452284240281
leaf_weight=5.3966959863901129 11.105516508221625 9.0552043542265874 6.9641601145267478 21.485230565071106 34.996170688420534 12.053763713687657 77.030059404671192
leaf_count=95 113 152 66 163 586 206 1498
internal_value=0.00164897 -0.00854576 0.0331002 0.0372611 -0.000237003 -0.00372071 -0.0135141
internal_weight=178.087 138.532 39.5549 32.5907 56.1051 47.0499 82.4268
internal_count=2879 2537 342 276 944 792 1593
is_linear=0
shrinkage=0.03


Tree=24
num_leaves=8
num_cat=0
split_feature=2 2 28 4 3 1 17
split_gain=49.6632 5.09915 5.66888 2.97389 2.73316 2.56016 2.74315
threshold=0.26392974877385356 0.17262979966188222 2.5000000000000004 -0.090536385868056221 0.17052406051197103 -6.9671685148573284 0.12994382018047432
decision_type=8 10 2 8 10 8 10
left_child=1 3 4 -1 -3 -5 -7
right_child=-2 2 -4 5 -6 6 -8
leaf_value=-0.0013995620817176379 0.031823309628863032 0.019662882632748391 -0.010833395013965748 0.0026799302769639883 -0.00016055179339172768 -0.017501580552460792 -0.0039821338095378652
leaf_weight=33.424555230885744 27.111984319984913 8.0909827128052729 7.2721445038914672 5.0166939087212086 7.6557006612420073 57.267306137830019 28.445277452468872
leaf_count=631 207 98 91 90 84 1118 493
internal_value=-0.000327463 -0.00768222 0.00381808 -0.01003 0.0125862 -0.0126865 -0.0138979
internal_weight=174.285 147.173 23.0188 124.154 15.7467 90.7293 85.7126
internal_count=2812 2605 273 2332 182 1701 1611
is_linear=0
shrinkage=0.03


Tree=25
num_leaves=8
num_cat=1
split_feature=0 18 1 27 27 30 7
split_gain=17.8048 4.06058 4.36242 3.96605 7.80815 5.08598 4.6034
threshold=0.16962795691237395 0.5592558440817349 0.22248920455378104 0.58900000000000008 0.71520000000000017 0 0.29048044478812451
decision_type=10 10 8 2 2 1 8
left_child=3 -2 -3 5 6 -1 -5
right_child=1 2 -4 4 -6 -7 -8
leaf_value=0.0061574156356709606 0.029847745667260658 0.014993461528309136 -0.0018752657435712953 -0.0052692883653877561 -0.0095278297367001972 -0.010829272079395892 0.0197109270582012
leaf_weight=9.185950044542551 5.872013743966817 21.153270412236452 20.609134271740913 4.3421833626925945 18.834215495735407 80.546480569988489 13.989056043326856
leaf_count=154 69 251 246 75 352 1457 239
internal_value=0 0.0143348 0.00740436 -0.00583458 0.00183145 -0.0090532 0.0134209
internal_weight=174.532 47.6344 41.7624 126.898 37.1655 89.7324 18.3312
internal_count=2843 566 497 2277 666 1611 314
cat_boundaries=0 1
cat_threshold=8
is_linear=0
shrinkage=0.03


Tree=26
num_leaves=8
num_cat=0
split_feature=2 2 5 1 1 2 7
split_gain=48.4104 5.14882 4.55863 3.67375 3.39033 2.93977 2.4741
threshold=0.17262979966188222 0.26392974877385356 -0.30991265230219295 -6.9671685148573284 0.22248920455378104 0.027988556129148027 0.10883183659255806
decision_type=8 8 8 8 8 10 10
left_child=2 4 5 -4 -2 -1 -5
right_child=1 -3 3 6 -6 -7 -8
leaf_value=-0.0037786771859143285 0.015295933404338732 0.03099758009648252 0.0047628109737135986 -0.01432859829653183 -0.0027298094320201052 0.014758546788030619 0.0027845587481908009
leaf_weight=14.449124500155451 13.188907418400047 27.449305400252342 5.918795719742775 95.138873241841793 11.069311443716289 3.5595836378633967 4.1128413677215567
leaf_count=269 152 204 108 1832 136 58 74
internal_value=0.00051317 0.0229601 -0.00962073 -0.0119096 0.00796847 0.00272119 -0.0133248
internal_weight=174.887 51.7075 123.179 105.171 24.2582 18.0087 99.2517
internal_count=2833 492 2341 2014 288 327 1906
is_linear=0
shrinkage=0.03


Tree=27
num_leaves=8
num_cat=0
split_feature=4 16 5 0 6 5 27
split_gain=24.5045 8.762 5.00188 3.94168 3.6812 2.88522 1.98142
threshold=0.1231859328481812 -0.64854664324855105 -0.30991265230219295 -0.070814431954184007 0.083940559053202177 0.44865618018720121 0.53670000000000007
decision_type=10 2 10 10 10 10 2
left_child=2 -2 3 -1 -3 6 -4
right_child=1 4 5 -5 -6 -7 -8
leaf_value=-0.0026314258159635165 -0.00094536580663563956 0.029876799861683831 -0.012689960641377203 0.015106726488768037 0.0019055666819334173 0.0068933285303387362 -0.0026367458288640319
leaf_weight=21.701256670057774 12.906034648418425 26.97819148004055 54.204893290996552 10.349334988743065 7.4684102162718764 4.2404040135443202 37.94004774466157
leaf_count=392 191 251 1015 157 81 59 696
internal_value=0.00224528 0.0190551 -0.00459623 0.00459523 0.0256678 -0.00791426 -0.0092417
internal_weight=175.789 47.3526 128.436 32.0506 34.4466 96.3853 92.1449
internal_count=2842 523 2319 549 332 1770 1711
is_linear=0
shrinkage=0.03


Tree=28
num_leaves=8
num_cat=0
split_feature=2 18 1 1 0 6 18
split_gain=40.8158 10.5327 5.71925 4.68378 4.43707 3.019 2.72519
threshold=0.17262979966188222 0.84865483533176989 0.22248920455378104 -10.577012419508245 -0.43996071735844605 0.087853757904858429 0.53904297135676515
decision_type=8 8 8 8 8 10 8
left_child=3 5 -3 -1 -5 -2 -6
right_child=1 2 -4 4 6 -7 -8
leaf_value=0.0089471961783835329 0.031949164151486263 0.013312061111701714 -0.011330600911941179 0.0044579722891197136 0 0.0031161016444265586 -0.014751513745202399
leaf_weight=4.4870693683624268 27.176901385188103 8.1098178252577764 9.8567155785858649 9.3517221920192224 13.369758401066063 6.9885995872318736 94.158460669219494
leaf_count=80 235 76 102 175 261 74 1814
internal_value=-0.000439674 0.0199179 0 -0.00999101 -0.0113648 0.0281173 -0.0130841
internal_weight=173.499 52.132 17.9665 121.367 116.88 34.1655 107.528
internal_count=2817 487 178 2330 2250 309 2075
is_linear=0
shrinkage=0.03


Tree=29
num_leaves=8
num_cat=0
split_feature=2 18 7 18 4 17 32
split_gain=36.0734 5.57543 4.57417 3.83384 3.05988 2.97908 2.93952
threshold=0.18318745029476627 0.84865483533176989 1.0000000180025095e-35 0.53904297135676515 0.022210314815689972 -0.41774042988745524 9.8448600845764549
decision_type=8 8 10 8 10 8 10
left_child=2 -2 3 -1 -3 -5 -4
right_child=1 4 6 5 -6 -7 -8
leaf_value=0.003046764734552147 0.026361721879825419 0.012957001765890852 0.016246839964695083 0.00086900690249003981 -0.0054744768456162045 -0.013700016640219474 -0.0037193654746496265
leaf_weight=12.660112053155897 32.643290024250746 6.4084043093025711 3.8335884064435941 11.262734584510325 10.20674731954932 89.937664791941643 7.9966529011726379
leaf_count=247 272 65 67 213 95 1747 151
internal_value=0.00024129 0.0202319 -0.00822271 -0.0101104 0.00292573 -0.0119964 0.00593846
internal_weight=174.949 49.2584 125.691 113.861 16.6152 101.2 11.8302
internal_count=2857 432 2425 2207 160 1960 218
is_linear=0
shrinkage=0.03


Tree=30
num_leaves=8
num_cat=0
split_feature=2 32 7 16 4 1 2
split_gain=44.7592 3.74751 3.39933 3.9343 3.72822 2.31484 1.59397
threshold=0.20933129878517096 11.207375904300799 1.0000000180025095e-35 -0.58624438198861706 -0.27983439623801259 -6.9671685148573284 0.14463588240879624
decision_type=8 8 10 2 8 8 10
left_child=2 -2 4 -4 -1 -6 -7
right_child=1 -3 3 -5 5 6 -8
leaf_value=0.0039999679486765983 0.012662361726235005 0.037511025593572493 -0.0061043735933184046 0.016318824859842585 0.0026072632864942084 -0.013679106559554713 -0.0012548539836457991
leaf_weight=11.251226384192703 30.448885418474674 12.892730928957461 8.3171329684555513 4.4159049279987803 5.9135178402066231 85.151161715388298 15.270155288279055
leaf_count=211 241 102 158 71 107 1703 237
internal_value=0.00109228 0.0250394 -0.00775119 0.00424478 -0.00935729 -0.0110828 -0.0121602
internal_weight=173.661 43.3416 130.319 12.733 117.586 106.335 100.421
internal_count=2830 343 2487 229 2258 2047 1940
is_linear=0
shrinkage=0.03


Tree=31
num_leaves=8
num_cat=0
split_feature=2 18 5 22 22 2 1
split_gain=42.6254 4.85277 3.85081 4.08649 3.31455 2.51842 2.46369
threshold=0.17262979966188222 0.86447853632967886 -0.30991265230219295 238.50000000000003 243.50000000000003 -0.10590893416477341 -1.3617152947239801
decision_type=8 8 8 2 2 10 10
left_child=2 6 3 -1 -3 -5 -2
right_child=1 4 -4 5 -6 -7 -8
leaf_value=-0.0074175781974132292 0.0030460002899846601 -0.0050245115363363518 -0.011136313878516237 -0.0016596543630790753 0.01421923270359874 0.020447981905711704 0.030115289318102995
leaf_weight=10.428883992135527 6.8014640696346751 10.031331997364761 101.3158746920526 3.9209635853767395 6.5838659331202498 4.0356640629470339 29.821722503751516
leaf_count=197 63 98 2025 73 63 72 247
internal_value=0.000873865 0.0214877 -0.00894864 0.00225967 0.00413455 0.0132434 0.0268716
internal_weight=172.94 53.2384 119.701 18.3855 16.6152 7.95663 36.6232
internal_count=2838 471 2367 342 161 145 310
is_linear=0
shrinkage=0.03


Tree=32
num_leaves=8
num_cat=0
split_feature=16 4 27 7 4 1 3
split_gain=21.8205 11.3709 4.43704 5.02264 4.63793 3.43284 3.48652
threshold=-0.39037986359504989 0.18572957414461641 0.57555000000000012 0.16896802668429706 -0.24890699233591237 0.10382377478270928 -0.53614634806867123
decision_type=2 10 2 8 10 8 8
left_child=2 -2 5 -4 -5 6 -1
right_child=1 -3 3 4 -6 -7 -8
leaf_value=0.0097905635840374872 5.5872739885244627e-05 0.028504294259062302 -0.011962759508844588 0.019652639922450321 -0.00047267261404419791 -0.016418898401776676 -0.006799370350534191
leaf_weight=6.3666951954364777 23.18419535830617 23.055953558534384 8.5716647058725339 8.764400817453863 22.278961669653654 32.278944559395313 46.492886293679476
leaf_count=114 344 181 165 144 401 603 862
internal_value=0.000545746 0.0166292 -0.00594549 0.00182526 0.00768768 -0.00956849 -0.00353041
internal_weight=170.994 46.2401 124.754 39.615 31.0434 85.1385 52.8596
internal_count=2814 525 2289 710 545 1579 976
is_linear=0
shrinkage=0.03


Tree=33
num_leaves=8
num_cat=0
split_feature=2 2 1 32 25 0 22
split_gain=34.3045 5.97325 6.95234 3.71897 6.43421 3.60065 3.07716
threshold=0.24048475746439688 0.10025519697754799 0.16930329773742922 11.207375904300799 13.500000000000002 -0.061576090697828649 250.50000000000003
decision_type=8 10 8 8 2 8 2
left_child=1 -1 5 4 -2 -3 -7
right_child=3 2 -4 -5 -6 6 -8
leaf_value=-0.0099047021388292706 -0.0055598978429249202 0.024317423191684468 -0.0083737230079677111 0.037370870520977463 0.019598621980678618 -0.0064059651581995459 0.011538306252817416
leaf_weight=95.368776194751263 8.7987367585301417 5.3031913638114929 19.53356046974659 9.9301638528704625 16.662938073277473 10.577675778418785 7.7155941016972056
leaf_count=1953 65 83 296 70 116 165 110
internal_value=0.000970108 -0.00592887 0.00274329 0.0244292 0.0112057 0.0122109 0.00179983
internal_weight=173.891 138.499 43.13 35.3918 25.4617 23.5965 18.2933
internal_count=2858 2607 654 251 181 358 275
is_linear=0
shrinkage=0.03


Tree=34
num_leaves=8
num_cat=0
split_feature=2 6 5 2 18 17 1
split_gain=38.6387 6.80083 4.28569 4.10852 3.38206 3.07543 3.27834
threshold=0.17262979966188222 0.096694690662783869 -0.30991265230219295 -0.085325144930928451 0.84865483533176989 0.10959723962624247 -10.577012419508245
decision_type=10 8 8 8 10 10 8
left_child=2 4 3 -1 -2 6 -4
right_child=1 -3 5 -5 -6 -7 -8
leaf_value=-0.0061952570983084829 0.032288579405944678 0 0.0053470667436487894 0.014618865365276236 0.0073859222785915982 -0.0011615203818550509 -0.01430972031875628
leaf_weight=9.5688613168895227 28.468367271125317 9.8340643942356092 3.2866377271711826 8.7518533505499381 14.54264400526881 35.818128176033497 62.977590873837471
leaf_count=185 231 102 61 156 132 650 1342
internal_value=0.00258105 0.0222364 -0.00677683 0.00459902 0.0266415 -0.00914056 -0.0126618
internal_weight=173.248 52.8451 120.403 18.3207 43.011 102.082 66.2642
internal_count=2859 465 2394 341 363 2053 1403
is_linear=0
shrinkage=0.03


Tree=35
num_leaves=8
num_cat=0
split_feature=2 1 2 2 17 2 27
split_gain=33.018 4.84286 5.53923 4.44659 5.27313 2.95048 2.55923
threshold=0.17262979966188222 0.27637719668734467 0.26392974877385356 0.051032832670821766 -0.13418255515090546 -0.28366565734840871 0.24075000000000005
decision_type=8 8 8 10 10 10 2
left_child=3 -2 -3 5 -5 -1 -6
right_child=1 2 -4 4 6 -7 -8
leaf_value=0.004224539286695304 0.026766534731387917 -0.0074555994645423805 0.014975618249217332 0.015507905738172999 0.0066287161755754012 -0.012646929046406146 -0.0085646705693786847
leaf_weight=5.3014790825545779 30.518441464751959 9.7793772779405099 15.267894998192789 7.8151281587779513 6.0284898392856112 69.556179106235504 28.077248193323612
leaf_count=98 262 114 103 139 113 1489 528
internal_value=0.00203226 0.0196159 0.00607903 -0.00693544 0.000586141 -0.0109785 -0.00477367
internal_weight=172.344 55.5657 25.0473 116.779 41.9209 74.8577 34.1057
internal_count=2846 479 217 2367 780 1587 641
is_linear=0
shrinkage=0.03


Tree=36
num_leaves=8
num_cat=0
split_feature=2 32 1 1 17 17 5
split_gain=36.4941 5.3789 9.24153 3.10626 3.75691 3.34734 3.30252
threshold=0.17262979966188222 12.169960721319162 0.22248920455378104 -10.577012419508245 0.10959723962624247 -0.53170048353498878 -0.019168490549296074
decision_type=8 8 10 8 10 8 8
left_child=3 2 -2 -1 5 -5 -6
right_child=1 -3 -4 4 6 -7 -8
leaf_value=0.0070972119391020019 0.021085046341120454 0.034674172702242878 -0.0029210186985446319 0.0029658244903117302 0.011224378825082093 -0.01475539808535342 -0.0056678750033677767
leaf_weight=4.3125207349658012 24.175676982849836 11.17329305410385 21.335498206317425 6.6470381878316402 6.6322354599833488 70.398371495306492 27.493676763027906
leaf_count=78 197 96 186 125 128 1518 509
internal_value=0.0011636 0.0194414 0.0107966 -0.00836474 -0.00952658 -0.012915 -0.000520724
internal_weight=172.168 56.6845 45.5112 115.484 111.171 77.0454 34.1259
internal_count=2837 479 383 2358 2280 1643 637
is_linear=0
shrinkage=0.03


Tree=37
num_leaves=8
num_cat=1
split_feature=4 18 5 0 32 4 30
split_gain=11.8387 5.66966 5.22989 3.54733 3.26583 2.91615 2.47819
threshold=0.1231859328481812 0.86447853632967886 -0.30991265230219295 -0.070814431954184007 10.001499986472195 0.30710162705722266 0
decision_type=10 8 10 10 8 10 1
left_child=2 -2 3 4 -1 -3 -4
right_child=1 5 6 -5 -6 -7 -8
leaf_value=0.0099447671739267916 0.020046385970262252 -0.0093072790374463654 0.0014495654649643694 0.01694881627612476 -0.0082349928035822337 0.0091840500827672297 -0.0082690879518729846
leaf_weight=7.0506781637668672 33.994190216064453 8.5856630951166135 30.049199864268303 10.238844141364096 13.468811448663471 6.1303545683622351 59.724376354366541
leaf_count=129 341 113 573 156 248 59 1168
internal_value=0.00305337 0.0144108 -0.00203103 0.00727603 -0.000424973 -0.000422324 -0.00570767
internal_weight=169.242 48.7102 120.532 30.7583 20.5195 14.716 89.7736
internal_count=2787 513 2274 533 377 172 1741
cat_boundaries=0 1
cat_threshold=168
is_linear=0
shrinkage=0.03


Tree=38
num_leaves=8
num_cat=0
split_feature=2 6 5 2 1 17 0
split_gain=23.1808 6.747 3.90063 4.85065 3.99964 1.68209 3.48142
threshold=0.17262979966188222 0.096694690662783869 -0.30991265230219295 -0.15733340370713453 -10.577012419508245 0.11899705854465743 0.19464148588575189
decision_type=8 8 8 10 8 10 10
left_child=2 -2 3 -1 -4 -6 -7
right_child=1 -3 4 -5 5 6 -8
leaf_value=-0.0088907243172761021 0.021080641725485898 -0.0014753928637116236 0.0094523018584174254 0.014335119372074627 -0.012641747291529079 0.0050862893431598269 -0.011231329187861756
leaf_weight=6.3799470625817802 44.427397310733795 12.60551808029413 3.610840417444706 10.830614164471625 60.228945709764957 17.219510182738308 13.737152177840469
leaf_count=121 357 123 65 202 1339 336 243
internal_value=0.00188232 0.0162964 -0.00592929 0.00504118 -0.00830425 -0.0098643 -0.00258912
internal_weight=169.04 57.0329 112.007 17.2106 94.7964 91.1856 30.9567
internal_count=2786 480 2306 323 1983 1918 579
is_linear=0
shrinkage=0.03


Tree=39
num_leaves=8
num_cat=0
split_feature=2 2 1 1 5 2 27
split_gain=37.7057 3.77158 3.52492 3.33512 2.67017 3.03136 1.99755
threshold=0.17262979966188222 0.26392974877385356 -10.577012419508245 -0.20287975038426762 -0.30991265230219295 0.01727381671925721 0.26515000000000005
decision_type=8 8 8 8 8 10 2
left_child=2 3 -1 -2 5 -4 -6
right_child=1 -3 4 -5 6 -7 -8
leaf_value=0.0082447841860602885 0.01588700618825685 0.027196024927354758 -0.0056629435772727358 -0.0014334907570312675 -0.00064433140010570773 0.013042645433947571 -0.012910358230281685
leaf_weight=4.7046571038663387 12.128608692437409 31.178914234042168 13.823194827884437 14.730330627411606 18.099469751119614 3.9967179782688609 73.69654169306159
leaf_count=84 121 203 271 162 388 65 1561
internal_value=0.00223885 0.0204839 -0.00763498 0.0078086 -0.00895851 0.000692699 -0.0108877
internal_weight=172.358 58.0379 114.321 26.8589 109.616 17.8199 91.796
internal_count=2855 486 2369 283 2285 336 1949
is_linear=0
shrinkage=0.03


Tree=40
num_leaves=8
num_cat=0
split_feature=2 6 5 2 2 25 4
split_gain=29.2009 6.55203 4.10336 3.06176 2.59308 2.06638 0.947868
threshold=0.17262979966188222 0.096694690662783869 -0.30991265230219295 -0.10590893416477341 0.26392974877385356 1.5000000000000002 -0.24890699233591237
decision_type=8 10 8 10 8 2 8
left_child=2 4 3 -1 -2 -4 -7
right_child=1 -3 5 -5 -6 6 -8
leaf_value=-0.00574896142867446 0.0074187694905828395 -0.0027414312433502786 0.0030953990165467943 0.012139466861693952 0.026473184581333818 0 -0.011953426805537772
leaf_weight=9.2759727016091365 21.281577359884981 9.6778908260166627 4.9042461030185214 9.0248765759170038 28.538181230425831 5.557784877717495 85.006061125546694
leaf_count=182 214 97 103 162 176 120 1808
internal_value=0.000972145 0.016831 -0.00775925 0.00351145 0.0207458 -0.0101692 -0.0112326
internal_weight=173.267 59.4976 113.769 18.3008 49.8198 95.4681 90.5638
internal_count=2862 487 2375 344 390 2031 1928
is_linear=0
shrinkage=0.03


Tree=41
num_leaves=8
num_cat=1
split_feature=2 2 5 30 28 32 29
split_gain=26.7743 8.63966 6.21702 3.83076 4.07226 3.52588 2.96996
threshold=0.26392974877385356 0.051032832670821766 -0.21941524106294316 0 2.5000000000000004 11.207375904300799 13.500000000000002
decision_type=8 10 10 1 2 8 2
left_child=1 -1 -3 4 -4 -2 -5
right_child=5 2 3 6 -6 -7 -8
leaf_value=-0.010591625858351486 0.0094354819248870306 0.018251564977028786 0.012823959549207158 0.0025189512738604592 -0.0067795915471743013 0.035607087219793047 -0.014353885281421289
leaf_weight=70.697767056524754 20.30346151441336 11.566102769225834 19.816347930580381 9.2625435069203395 7.300921954214572 10.556929036974905 18.530326139181852
leaf_count=1565 129 171 314 155 112 65 294
internal_value=0.00217027 -0.00375944 0.00366243 -0.00110233 0.00527474 0.0242616 -0.00703886
internal_weight=168.034 137.174 66.4762 54.9101 27.1173 30.8604 27.7929
internal_count=2805 2611 1046 875 426 194 449
cat_boundaries=0 1
cat_threshold=140
is_linear=0
shrinkage=0.03


Tree=42
num_leaves=8
num_cat=0
split_feature=2 22 2 29 6 26 6
split_gain=19.9454 5.6772 8.50373 6.24991 4.26426 4.23921 3.6956
threshold=0.051032832670821766 262.50000000000006 0.15231025742020268 30.500000000000004 0.061083277684425945 1.5000000000000002 0.087853757904858429
decision_type=8 2 8 2 10 2 10
left_child=-1 3 -3 5 -4 -2 -7
right_child=1 2 4 -5 -6 6 -8
leaf_value=-0.0098168677338803054 -0.0026919185803210418 -0.00060202241134700476 0.0063055054690863005 -0.0075336342660984037 0.036302763028432487 0.019910370248814514 -0.0015383529922899104
leaf_weight=70.696624685078859 12.580204814672468 13.123141750693319 12.5207443125546 21.975110650062561 11.593213886022566 21.482933677732948 6.506797067821025
leaf_count=1578 162 250 104 287 102 266 91
internal_value=0.00164663 0.0100336 0.0183028 0.0033805 0.0266452 0.00986823 0.0152738
internal_weight=170.479 99.7821 37.2371 62.545 24.114 40.5699 27.9897
internal_count=2840 1262 456 806 206 519 357
is_linear=0
shrinkage=0.03


Tree=43
num_leaves=8
num_cat=0
split_feature=4 5 16 32 16 16 32
split_gain=14.6919 4.93319 4.11641 2.59154 2.57753 4.33248 3.17967
threshold=0.14668392030419972 -0.49138392644306683 -0.51871970690477365 11.058424494145921 -0.70236073147940914 -0.51871970690477365 8.9747889095080371
decision_type=10 10 2 10 2 2 10
left_child=1 -1 -2 -4 6 -6 -3
right_child=2 4 3 -5 5 -7 -8
leaf_value=0.0066978262302444663 0 0.0036751129289991019 0.0076652420350974606 0.028880653670374686 0.010938194869166635 -0.0071692543655354117 -0.012304376056289023
leaf_weight=21.991115480661392 13.410135142505167 8.0153316892683488 23.194688156247139 10.268349934369324 11.504088960587977 22.461898181587458 61.124321013689041
leaf_count=375 183 163 184 81 214 356 1298
internal_value=0.00109598 -0.0042514 0.0141798 0.0188533 -0.00703585 0 -0.0100684
internal_weight=171.97 125.097 46.8732 33.463 103.106 33.966 69.1397
internal_count=2854 2406 448 265 2031 570 1461
is_linear=0
shrinkage=0.03


Tree=44
num_leaves=8
num_cat=0
split_feature=2 6 4 0 6 4 6
split_gain=26.0694 6.95217 2.88319 3.53369 3.02771 2.47619 2.58814
threshold=0.17262979966188222 0.096694690662783869 -0.090536385868056221 -0.10683492232872115 0.054927473288722876 0.11082581929922704 0.066269824278548564
decision_type=8 8 8 10 10 10 10
left_child=2 -2 3 4 -1 -4 -7
right_child=1 -3 5 -5 -6 6 -8
leaf_value=0.0043681572116252296 0.020561313791247052 -0.0019042864593165239 -0.012293412382390324 0.010744333512361407 -0.013309837648036886 0.0078420764199513774 -0.0091519899201247899
leaf_weight=8.6192929819226318 47.995900113135576 12.776267025619743 65.117011554539204 10.358764365315436 11.593004163354633 10.104974139481785 6.5167253836989394
leaf_count=184 365 121 1438 216 253 182 120
internal_value=0.00119349 0.0159481 -0.0071953 0.000235116 -0.0061386 -0.00991472 0
internal_weight=173.082 60.7722 112.31 30.5711 20.2123 81.7387 16.6217
internal_count=2879 486 2393 653 437 1740 302
is_linear=0
shrinkage=0.03


Tree=45
num_leaves=8
num_cat=0
split_feature=2 32 5 17 17 27 2
split_gain=15.6923 5.43576 4.44655 4.37367 3.70573 3.88517 2.5134
threshold=0.20933129878517096 11.207375904300799 -0.30991265230219295 0.10959723962624247 0.25959762179737117 0.70085000000000008 -0.15733340370713453
decision_type=8 8 8 10 10 2 10
left_child=2 -2 6 -4 5 -5 -1
right_child=1 -3 3 4 -6 -7 -8
leaf_value=-0.0044307343171564109 0.0043893536547457554 0.025633867196032074 -0.011850986806787766 0.012355590866607072 -0.0089546912806060426 -0.008125716264438353 0.012485645650364578
leaf_weight=6.2517387643456486 32.742838643491268 15.031149037182329 63.588215123862028 19.740236986428503 14.054805286228655 4.60134333372116 11.602833673357962
leaf_count=125 230 104 1448 364 242 85 214
internal_value=0.000741901 0.0140605 -0.00499788 -0.00746043 0.000277136 0.00696787 0.00644406
internal_weight=167.613 47.774 119.839 101.985 38.3964 24.3416 17.8546
internal_count=2812 334 2478 2139 691 449 339
is_linear=0
shrinkage=0.03


Tree=46
num_leaves=8
num_cat=0
split_feature=2 22 27 25 27 17 2
split_gain=19.8633 5.3296 4.16134 4.39559 4.47148 3.65252 4.93667
threshold=0.26392974877385356 238.50000000000003 0.54225000000000012 20.500000000000004 0.71520000000000017 -0.23277914815067322 0.039029113772402875
decision_type=8 2 2 2 2 10 10
left_child=1 5 -3 4 -4 6 -1
right_child=-2 2 3 -5 -6 -7 -8
leaf_value=-0.0074374465584400185 0.018347128687272087 -0.0045496324564600968 0.025345485918300985 -0.0034946698541827585 -0.0014423009661018902 -0.012641781550405948 0.017478319726389777
leaf_weight=10.570098020136355 33.977107152342796 35.560942366719246 8.6813958175480384 9.9052228108048421 5.7211385220289221 64.499884132295847 3.5279212780296794
leaf_count=235 204 679 151 192 104 1252 60
internal_value=7.90009e-05 -0.00505852 0.0014329 0.00960869 0.0173198 -0.00985189 0.00218909
internal_weight=172.444 138.467 59.8687 24.3078 14.4025 78.5979 14.098
internal_count=2877 2673 1126 447 255 1547 295
is_linear=0
shrinkage=0.03


Tree=47
num_leaves=8
num_cat=0
split_feature=4 18 22 25 17 17 17
split_gain=7.96191 9.83954 4.22364 4.41662 4.11893 3.76079 3.20448
threshold=0.11082581929922704 0.5592558440817349 351.50000000000006 4.5000000000000009 0.2271843322843338 -0.25319830461543141 -0.33603063937664951
decision_type=10 8 2 2 10 10 8
left_child=2 -2 3 -1 -3 -4 -5
right_child=1 4 5 6 -6 -7 -8
leaf_value=0.0055456732361043462 0.029546516614912945 -0.0064547265718054711 -0.0080110052945144613 0.0030789397430624498 0.0090320685940734786 0.014233987929186899 -0.011504905771064004
leaf_weight=15.067359063774346 7.4549912698566905 22.716387435793877 3.3456144966185084 10.895262297242878 22.692808657884598 11.407372355461119 74.718268353492022
leaf_count=282 70 292 70 217 181 217 1491
internal_value=0 0.00879984 -0.00445753 -0.00676811 0.00119743 0.00748713 -0.0093842
internal_weight=168.298 52.8642 115.434 100.681 45.4092 14.753 85.6135
internal_count=2820 543 2277 1990 473 287 1708
is_linear=0
shrinkage=0.03


Tree=48
num_leaves=8
num_cat=0
split_feature=2 17 17 1 32 27 22
split_gain=22.8763 3.0084 4.09196 3.00367 6.80448 2.43875 2.14834
threshold=0.12095862311524731 0.10959723962624247 0.14086949904440868 0.22248920455378104 11.207375904300799 0.54730000000000012 321.50000000000006
decision_type=8 10 8 8 8 2 2
left_child=1 5 -3 -2 -5 -1 -4
right_child=3 2 6 4 -6 -7 -8
leaf_value=-0.015636851697982134 0.017976877787996531 0.01423393939268729 -0.0099566686149751889 -0.005560934362966838 0.016717681539244675 -0.0025931431966430274 0.0056702763449261858
leaf_weight=39.266839988529682 41.254221484065056 5.0405022278428078 18.112418621778495 21.069227587431669 13.506756689399479 27.175225168466568 3.9912065453827372
leaf_count=928 423 105 358 215 127 611 76
internal_value=0.00130556 -0.00823636 0 0.0129229 0.00429564 -0.0113554 -0.00587967
internal_weight=169.416 93.5862 27.1441 75.8302 34.576 66.4421 22.1036
internal_count=2843 2078 539 765 342 1539 434
is_linear=0
shrinkage=0.03


Tree=49
num_leaves=8
num_cat=2
split_feature=16 22 32 27 30 32 30
split_gain=9.89662 7.77658 3.38136 5.42376 3.9017 3.33636 3.85144
threshold=-0.70236073147940914 62.500000000000007 10.001499986472195 0.58345000000000014 0 11.279188329632326 1
decision_type=2 2 10 2 1 10 1
left_child=2 -2 3 4 -1 6 -3
right_child=1 5 -4 -5 -6 -7 -8
leaf_value=0.0061203898551875349 -0.0092793891834385377 0.013425301668351111 -0.0089685082076689758 0.015825793121567063 -0.0093130661985423285 0.022182996073481853 -0.0011131969260293978
leaf_weight=9.1672085449099523 10.589184917509554 12.582822836935518 57.142170321196318 8.8317129462957364 19.988666255027059 18.896950770169497 33.607711285352707
leaf_count=166 135 145 1201 156 415 231 408
internal_value=0.00143688 0.00910998 -0.00475488 0.00171477 -0.00464306 0.0129952 0.00623973
internal_weight=170.806 75.6767 95.1298 37.9876 29.1559 65.0875 46.1905
internal_count=2857 919 1938 737 581 784 553
cat_boundaries=0 1 2
cat_threshold=136 136
is_linear=0
shrinkage=0.03


Tree=50
num_leaves=8
num_cat=0
split_feature=2 32 1 1 32 29 28
split_gain=15.0986 5.6137 8.14285 3.93432 3.37307 3.08215 3.47942
threshold=0.10025519697754799 12.254596493540776 0.16930329773742922 -2.7548364408805819 10.82656194483952 21.500000000000004 2.5000000000000004
decision_type=8 8 8 10 10 2 2
left_child=-1 2 3 -2 -5 -4 -7
right_child=1 -3 5 4 -6 6 -8
leaf_value=-0.006331839024998882 -0.0023330543253109967 0.023679968784178978 -0.013304514704555187 0.022499148294950842 0 0.0098474222683283159 -0.0094223406560803857
leaf_weight=86.042135920375586 7.3283054381608954 16.198992505669594 12.45602870732546 21.487977925688032 6.9796153530478469 12.97013906389475 5.9020703248679629
leaf_count=1953 82 173 141 225 77 131 64
internal_value=0.00210687 0.0107765 0.00527279 0.0138771 0.0180577 -0.00500012 0.00225183
internal_weight=169.365 83.3231 67.1241 35.7959 28.4676 31.3282 18.8722
internal_count=2846 893 720 384 302 336 195
is_linear=0
shrinkage=0.03


Tree=51
num_leaves=8
num_cat=0
split_feature=2 5 18 18 18 0 26
split_gain=18.2539 5.18446 4.2119 3.4765 3.26998 3.02788 4.23272
threshold=0.20933129878517096 -0.30991265230219295 0.53904297135676515 0.48408655777444304 0.84865483533176989 -0.018124759238594908 2.5000000000000004
decision_type=8 10 8 10 8 10 2
left_child=1 5 3 -3 -2 6 -1
right_child=4 2 -4 -5 -6 -7 -8
leaf_value=-0.0098679903918065231 0.019593571263399116 -0.007341588701057237 -0.011224553092438284 0.013616145169525706 0.0019319381476532518 0.015452757721449648 0.01084802170862486
leaf_weight=13.905568614602094 33.159468613564968 5.5154425054788572 78.421505462378263 7.170097216963768 17.327571675181389 6.5464165434241286 6.7478453293442717
leaf_count=280 211 122 1704 148 134 112 128
internal_value=0.000997128 -0.00537664 -0.00870482 0.00446367 0.0148818 0.00478989 -0.00143714
internal_weight=168.794 118.307 91.107 12.6855 50.487 27.1998 20.6534
internal_count=2839 2494 1974 270 345 520 408
is_linear=0
shrinkage=0.03


Tree=52
num_leaves=8
num_cat=1
split_feature=16 30 27 27 32 1 6
split_gain=9.19909 9.47536 6.8552 5.98352 5.07049 4.0794 3.86255
threshold=-0.39037986359504989 0 0.58900000000000008 0.45170000000000005 10.82656194483952 0.48965201648588325 0.096694690662783869
decision_type=2 1 2 2 10 8 8
left_child=1 4 -3 -2 5 6 -1
right_child=3 2 -4 -5 -6 -7 -8
leaf_value=0.020699200488623851 0 -0.015697208214500078 0.0035593585020556959 0.019550830171385102 -0.0037246194311286512 -0.0034913938041176724 -0.0034979643376774083
leaf_weight=24.511880561709408 21.275627929717302 46.589174252003431 18.655144117772579 27.970889117568731 20.39228505268693 6.7572912424802771 3.5054747536778441
leaf_count=427 230 950 346 294 408 132 61
internal_value=0.00211303 -0.00234849 -0.00897385 0.0120875 0.00588313 0.0128862 0.0171507
internal_weight=169.658 120.411 65.2443 49.2465 55.1669 34.7746 28.0174
internal_count=2848 2324 1296 524 1028 620 488
cat_boundaries=0 1
cat_threshold=169
is_linear=0
shrinkage=0.03


Tree=53
num_leaves=8
num_cat=0
split_feature=2 29 1 5 25 32 5
split_gain=16.0894 6.36807 4.19829 4.18344 3.66094 3.39411 2.53841
threshold=0.17262979966188222 41.000000000000007 0.27637719668734467 -0.30991265230219295 14.500000000000002 11.649843905410041 -0.12153552059407646
decision_type=8 2 8 8 2 8 8
left_child=3 2 4 -1 -2 -4 -5
right_child=1 -3 5 6 -6 -7 -8
leaf_value=0.0051691208502835425 0.0027987505625537501 -0.0053631111516117972 -0.0033548010825555389 -0.017882436144446141 0.02902947085657177 0.014454474074021985 -0.0049969365062860127
leaf_weight=17.132785949856043 9.8332060016691702 10.450227506458758 16.602593526244167 16.169346783310175 17.858820103108883 7.846539393067359 73.205554854124784
leaf_count=331 80 81 136 396 128 61 1621
internal_value=0.000706233 0.0120148 0.0159973 -0.00618361 0.0228504 0.00405301 -0.00875981
internal_weight=169.099 62.5914 52.1412 106.508 27.692 24.4491 89.3749
internal_count=2834 486 405 2348 208 197 2017
is_linear=0
shrinkage=0.03


Tree=54
num_leaves=8
num_cat=0
split_feature=2 5 2 21 28 32 0
split_gain=18.4251 5.7664 4.63151 4.40888 2.21117 3.53917 2.17013
threshold=0.17262979966188222 -0.30991265230219295 -0.085325144930928451 0.78505000000000014 2.5000000000000004 11.44995051986016 0.28261358467526121
decision_type=8 8 10 2 2 8 8
left_child=1 2 -1 4 6 -6 -2
right_child=3 -3 -4 -5 5 -7 -8
leaf_value=-0.0054517186905840287 0.026940513624703417 -0.0093578375064402551 0.017144545746437569 -0.0028368878128993335 -0.0051643897791348132 0.014109989973582784 0.0060924277917403999
leaf_weight=9.1104805059731024 17.698045086115602 89.363729286938906 8.5024759694933874 8.9296868592500669 10.593208558857443 7.9887851960957041 15.438333548605437
leaf_count=188 143 2037 152 68 90 63 103
internal_value=0.00102604 -0.00627491 0.00681866 0.0133531 0.0164052 0.0043104 0.0206658
internal_weight=167.625 106.977 17.613 60.6481 51.7184 18.582 33.1364
internal_count=2844 2377 340 467 399 153 246
is_linear=0
shrinkage=0.03


Tree=55
num_leaves=8
num_cat=0
split_feature=2 5 2 1 26 4 4
split_gain=15.2109 5.34772 8.18811 4.45396 3.23696 2.91617 2.68852
threshold=0.26392974877385356 1.0000000180025095e-35 0.039029113772402875 -0.61055460616457291 2.5000000000000004 -0.012423423904370899 -0.13135790052793536
decision_type=8 10 10 8 2 8 8
left_child=1 2 4 -4 -1 -5 -6
right_child=-2 -3 3 5 6 -7 -8
leaf_value=-0.011741742781623661 0.015844267147262558 -0.010216219483538286 0.022450111315556007 0.011912375443132941 0.012250125455935273 -0.0066475385216981922 -0.0055472284433892554
leaf_weight=26.88025888055563 35.484196685254574 63.722865659743547 10.593767557293175 4.3047559000551701 6.3247635290026665 11.879071217030292 8.1060736402869207
leaf_count=641 207 1183 166 78 140 196 199
internal_value=0.000283429 -0.00446523 0.00122811 0.0124179 -0.00655875 0 0.00317135
internal_weight=167.296 131.812 68.0887 26.7776 41.3111 16.1838 14.4308
internal_count=2810 2603 1420 440 980 274 339
is_linear=0
shrinkage=0.03


Tree=56
num_leaves=8
num_cat=1
split_feature=2 32 1 30 32 2 6
split_gain=11.4764 6.76076 4.8094 4.1859 4.47927 4.27474 3.8561
threshold=0.20933129878517096 11.207375904300799 0.22248920455378104 0 10.870074095990228 -0.10590893416477341 0.089790361204009336
decision_type=8 10 10 1 8 10 8
left_child=3 2 -2 4 5 -1 -7
right_child=1 -3 -4 -5 -6 6 -8
leaf_value=-0.0064785147202260284 0.010498757117015334 0.025265567887258065 -0.0072994516021906959 -0.008364875912897354 -0.0065811165881278916 0.019856945137617637 -0.004602734277594534
leaf_weight=5.0592882409691837 22.662373349070549 12.476987704634665 16.412034891545773 73.968544613569975 18.223643220961094 16.916118834167722 3.0242051407694808
leaf_count=111 147 78 116 1615 387 331 65
internal_value=0.000190166 0.0111011 0.00273444 -0.00489229 0.00231662 0.00998229 0.0153547
internal_weight=168.743 51.5514 39.0744 117.192 43.2233 24.9996 19.9403
internal_count=2850 341 263 2509 894 507 396
cat_boundaries=0 1
cat_threshold=168
is_linear=0
shrinkage=0.03


Tree=57
num_leaves=8
num_cat=1
split_feature=2 30 4 16 0 21 4
split_gain=13.7954 5.41145 3.58565 3.98756 3.5054 3.24101 2.99555
threshold=0.26392974877385356 0 -0.12263693616826953 -0.39037986359504989 0.3354629038381613 0.85325000000000017 -0.15762898204123774
decision_type=10 1 8 2 8 2 10
left_child=1 4 6 -4 5 -1 -3
right_child=-2 2 3 -5 -6 -7 -8
leaf_value=0.0088776522723680151 0.017184567328306064 -0.0042988000926754057 -0.015448723928630483 0.00051780377597182223 -0.010259682741840557 -0.0081652672827417436 0.015519720907791742
leaf_weight=53.119764674454927 31.928306601941586 10.626956857740877 43.248289708048105 16.267864942550659 5.6184761859476557 4.6214816682040682 2.7731761299073687
leaf_count=1012 179 242 936 235 92 92 63
internal_value=0.00158305 -0.00271847 -0.00744676 -0.0113181 0.0033164 0.00645778 0.00337022
internal_weight=168.204 136.276 72.9163 59.5162 63.3597 57.7412 13.4001
internal_count=2851 2672 1476 1171 1196 1104 305
cat_boundaries=0 1
cat_threshold=184
is_linear=0
shrinkage=0.03


Tree=58
num_leaves=8
num_cat=2
split_feature=2 21 32 1 30 16 30
split_gain=14.132 5.56865 4.22785 5.42872 5.48912 3.01897 2.13257
threshold=0.10025519697754799 0.84100000000000008 11.279188329632326 0.16930329773742922 0 -0.25900033046111143 1
decision_type=8 2 8 10 1 2 1
left_child=6 2 3 4 -2 -5 -1
right_child=1 -3 -4 5 -6 -7 -8
leaf_value=-0.011387622030307416 -0.0034057338682759266 -0.0091285103375122016 0.020445972096211681 -0.012233064577218214 0.017726477847650364 0.0043658496690405007 -0.00079272032128713493
leaf_weight=34.96207975782454 13.78480863943696 6.5501524843275538 25.435038726776838 11.89815776050091 14.9091303832829 11.772222656756638 46.886138506233692
leaf_count=850 160 68 269 153 146 96 1075
internal_value=0.000971663 0.00924542 0.0116741 0.00501984 0.0125392 -0.00448662 -0.007452
internal_weight=166.198 84.3495 77.7994 52.3643 28.6939 23.6704 81.8482
internal_count=2817 892 824 555 306 249 1925
cat_boundaries=0 1 2
cat_threshold=85 70
is_linear=0
shrinkage=0.03


Tree=59
num_leaves=8
num_cat=0
split_feature=2 7 25 3 5 16 17
split_gain=17.3867 4.01449 3.62214 2.97723 5.23068 2.68536 1.6819
threshold=0.20933129878517096 1.0000000180025095e-35 15.500000000000002 0.011584509848837559 -1.0000000180025095e-35 -0.55654139574336081 -0.096275550482190261
decision_type=8 10 2 8 8 2 10
left_child=1 3 -2 -1 -5 6 -3
right_child=2 5 -4 4 -6 -7 -8
leaf_value=-0.011209775539630259 0.0039806754930685568 0.0063675589486171984 0.021662445098266151 0.011266554948279831 -0.0063843131196893738 0.017652173247685057 -0.0096655068192466661
leaf_weight=47.997065454721451 24.137291088700294 2.9859800152480602 28.423927322030067 13.621189732104538 41.425845749676228 4.0620267279446107 4.201512087136507
leaf_count=1109 168 62 176 304 842 64 92
internal_value=0.00227178 -0.00424983 0.0153887 -0.00630081 -0.000903353 0.00856858 -0.00217152
internal_weight=166.855 114.294 52.5612 103.044 55.047 11.2495 7.18749
internal_count=2817 2473 344 2255 1146 218 154
is_linear=0
shrinkage=0.03


Tree=60
num_leaves=8
num_cat=1
split_feature=30 27 21 0 27 25 27
split_gain=9.66885 11.8897 7.69897 5.73428 5.49063 5.15725 4.79176
threshold=0 0.58900000000000008 0.84100000000000008 0.24026764920318064 0.38760000000000006 6.5000000000000009 0.61830000000000018
decision_type=1 2 2 8 2 2 2
left_child=5 3 -3 -2 -5 -1 -7
right_child=1 2 -4 4 -6 6 -8
leaf_value=-0.005241606496770663 -0.015750982539308046 0.016262448033536388 -0.010462274404288265 -0.011111718124279179 0.01278369764473929 0.0183603646686059 -0.0006436549957459229
leaf_weight=10.417004622519014 53.797471724450588 23.853203330188993 6.8557140268385401 7.8485945127904442 10.827860239893196 38.643462345004082 13.340640366077421
leaf_count=174 1130 382 116 87 107 592 232
internal_value=0.000892481 -0.00450724 0.00897949 -0.0112929 0.00185874 0.00890685 0.0137979
internal_weight=165.584 103.183 30.7089 72.4739 18.6765 62.4011 51.9841
internal_count=2820 1822 498 1324 194 998 824
cat_boundaries=0 1
cat_threshold=168
is_linear=0
shrinkage=0.03


Tree=61
num_leaves=8
num_cat=0
split_feature=2 32 2 3 27 27 22
split_gain=13.6764 6.48967 3.98998 3.24429 3.80805 4.6881 2.74543
threshold=0.051032832670821766 12.169960721319162 0.12095862311524731 -0.47053662675759106 0.38760000000000006 0.76330000000000009 62.500000000000007
decision_type=8 8 8 10 2 2 2
left_child=-1 3 -3 -2 -5 6 -6
right_child=1 2 -4 4 5 -7 -8
leaf_value=-0.0097840573111847833 0.013652167192671889 -0.00071844614263384427 0.024183563472449494 -0.008464565074025019 -0.00525679498784783 -0.01142432351400632 0.011259803580350343
leaf_weight=64.03523726016283 9.8254539407789689 5.49094133451581 16.693929582834247 25.758477427065372 5.0045240297913542 5.833817269653081 35.763639528304338
leaf_count=1568 124 106 160 331 65 74 411
internal_value=0.000349585 0.00695435 0.0189663 0.00215079 -0.000427884 0.00432889 0.00839498
internal_weight=168.406 104.371 22.1849 82.1859 72.3605 46.602 40.7682
internal_count=2839 1271 266 1005 881 550 476
is_linear=0
shrinkage=0.03


Tree=62
num_leaves=8
num_cat=1
split_feature=27 30 16 21 3 18 6
split_gain=5.13561 11.3967 7.29054 6.89423 5.27646 3.14722 3.04112
threshold=0.54730000000000012 0 -0.20827026059006448 0.84100000000000008 -0.39401227958194901 0.51646170971961325 0.070842741664735018
decision_type=2 1 2 2 8 8 10
left_child=1 6 5 4 -2 -3 -1
right_child=3 2 -4 -5 -6 -7 -8
leaf_value=0.017652638958875495 -0.0056988910132220461 0.0033262328673993305 0.0062142703599473654 -0.0081963923443804741 0.016168692764521462 -0.01573781787861615 -0.00086564587329778593
leaf_weight=21.145284570753578 6.7870285212993622 4.6820768471807233 15.881063509732483 11.483163874596356 46.236259363591671 51.378165423870087 7.9599353447556487
leaf_count=311 132 95 157 202 742 1064 124
internal_value=0.00215927 -0.00195531 -0.00793735 0.00831606 0.0127437 -0.0136949 0.0103104
internal_weight=165.553 101.047 71.9413 64.5065 53.0233 56.0602 29.1052
internal_count=2827 1751 1316 1076 874 1159 435
cat_boundaries=0 1
cat_threshold=136
is_linear=0
shrinkage=0.03


Tree=63
num_leaves=8
num_cat=0
split_feature=18 18 22 25 18 27 6
split_gain=8.89291 7.55582 4.36391 5.54916 6.0047 4.89882 4.57306
threshold=0.53904297135676515 0.48408655777444304 238.50000000000003 20.500000000000004 0.749687639074338 0.42240000000000005 0.056104277765816765
decision_type=8 10 2 2 10 2 8
left_child=1 -1 5 4 -4 6 -2
right_child=2 -3 3 -5 -6 -7 -8
leaf_value=-0.0033559279568612286 0 0.026982356530959255 -0.0026296138744673642 -0.0055320503006629071 0.018645491966982335 2.68777336053782e-05 -0.020422306875921076
leaf_weight=8.0230854041874426 13.104922227561472 11.722824033349751 15.2995577044785 25.815391629934311 21.464054051786661 49.252968184649944 20.459436932578683
leaf_count=142 243 184 249 468 337 850 358
internal_value=0.00105849 0.0167014 -0.00172838 0.00384016 0.0105689 -0.0060689 -0.0136583
internal_weight=165.142 19.7459 145.396 62.579 36.7636 82.8173 33.5644
internal_count=2831 326 2505 1054 586 1451 601
is_linear=0
shrinkage=0.03


end of trees

feature_importances:
raw_s3=98
raw_s2=34
raw_s5=34
f_s3_bom_coverage=32
raw_s6=29
interval_rel_gap=27
log_production=27
interval_width_rel=26
interval_position_z=25
raw_s7=22
raw_s1=18
sector=16
f_data_freshness_days=13
f_firm_age_years=12
raw_s8=8
raw_s4=6
f_s7_matrix_age_years=6
f_s2_peer_n_prev=6
f_data_quality_score=5
f_s6_quarter=4

parameters:
[boosting: gbdt]
[objective: binary]
[metric: average_precision]
[tree_learner: serial]
[device_type: cpu]
[data_sample_strategy: bagging]
[data: ]
[valid: ]
[num_iterations: 1200]
[learning_rate: 0.03]
[num_leaves: 8]
[num_threads: 4]
[seed: 20260902]
[deterministic: 1]
[force_col_wise: 0]
[force_row_wise: 1]
[histogram_pool_size: -1]
[max_depth: -1]
[min_data_in_leaf: 60]
[min_sum_hessian_in_leaf: 0.001]
[bagging_fraction: 0.8]
[pos_bagging_fraction: 1]
[neg_bagging_fraction: 1]
[bagging_freq: 1]
[bagging_seed: 20260902]
[bagging_by_query: 0]
[feature_fraction: 0.7]
[feature_fraction_bynode: 1]
[feature_fraction_seed: 20260902]
[extra_trees: 0]
[extra_seed: 2579]
[early_stopping_round: 0]
[early_stopping_min_delta: 0]
[first_metric_only: 0]
[max_delta_step: 0]
[lambda_l1: 0.5]
[lambda_l2: 8]
[linear_lambda: 0]
[min_gain_to_split: 0]
[drop_rate: 0.1]
[max_drop: 50]
[skip_drop: 0.5]
[xgboost_dart_mode: 0]
[uniform_drop: 0]
[drop_seed: 28913]
[top_rate: 0.2]
[other_rate: 0.1]
[min_data_per_group: 100]
[max_cat_threshold: 32]
[cat_l2: 10]
[cat_smooth: 10]
[max_cat_to_onehot: 4]
[top_k: 20]
[monotone_constraints: ]
[monotone_constraints_method: basic]
[monotone_penalty: 0]
[feature_contri: ]
[forcedsplits_filename: ]
[refit_decay_rate: 0.9]
[cegb_tradeoff: 1]
[cegb_penalty_split: 0]
[cegb_penalty_feature_lazy: ]
[cegb_penalty_feature_coupled: ]
[path_smooth: 0]
[interaction_constraints: ]
[verbosity: -1]
[saved_feature_importance_type: 0]
[use_quantized_grad: 0]
[num_grad_quant_bins: 4]
[quant_train_renew_leaf: 0]
[stochastic_rounding: 1]
[linear_tree: 0]
[max_bin: 63]
[max_bin_by_feature: ]
[min_data_in_bin: 3]
[bin_construct_sample_cnt: 200000]
[data_random_seed: 5027]
[is_enable_sparse: 1]
[enable_bundle: 1]
[use_missing: 1]
[zero_as_missing: 0]
[feature_pre_filter: 1]
[pre_partition: 0]
[two_round: 0]
[header: 0]
[label_column: ]
[weight_column: ]
[group_column: ]
[ignore_column: ]
[categorical_feature: 24,30,31]
[forcedbins_filename: ]
[precise_float_parser: 0]
[parser_config_file: ]
[objective_seed: 17236]
[num_class: 1]
[is_unbalance: 0]
[scale_pos_weight: 1]
[sigmoid: 1]
[boost_from_average: 1]
[reg_sqrt: 0]
[alpha: 0.9]
[fair_c: 1]
[poisson_max_delta_step: 0.7]
[tweedie_variance_power: 1.5]
[lambdarank_truncation_level: 30]
[lambdarank_norm: 1]
[label_gain: ]
[lambdarank_position_bias_regularization: 0]
[eval_at: ]
[multi_error_top_k: 1]
[auc_mu_weights: ]
[num_machines: 1]
[local_listen_port: 12400]
[time_out: 120]
[machine_list_filename: ]
[machines: ]
[gpu_platform_id: -1]
[gpu_device_id: -1]
[gpu_device_id_list: ]
[gpu_use_dp: 0]
[num_gpu: 1]

end of parameters

pandas_categorical:[["dusuk", "orta", "yuksek"], ["elektronik", "ev_temizlik", "gida_icecek", "ilac", "kimya_boya", "kozmetik", "otomotiv_yan_sanayi", "tekstil"], ["buyuk", "kucuk", "mikro", "orta"]]
